step numCars dequeuedCars minQueueTime maxQueueTime sumQueueTime
0	1	0	?	?	0
1	2	0	?	?	0
2	3	0	?	?	0
3	4	0	?	?	0
4	5	0	?	?	0
5	6	0	?	?	0
6	7	0	?	?	0
7	8	1	0	0	0
8	9	0	?	?	0
9	10	0	?	?	0
10	11	0	?	?	0
11	12	1	0	0	0
12	13	0	?	?	0
13	14	0	?	?	0
14	15	0	?	?	0
15	16	0	?	?	0
16	17	0	?	?	0
17	18	1	0	0	0
18	19	0	?	?	0
19	20	0	?	?	0
20	21	0	?	?	0
21	22	1	0	0	0
22	23	0	?	?	0
23	24	0	?	?	0
24	25	1	0	0	0
25	26	0	?	?	0
26	27	0	?	?	0
27	28	0	?	?	0
28	29	1	0	0	0
29	30	0	?	?	0
30	31	0	?	?	0
31	32	0	?	?	0
32	33	7	1	24	92
33	34	1	19	19	19
34	35	1	19	19	19
35	36	0	?	?	0
36	37	0	?	?	0
37	38	0	?	?	0
38	39	0	?	?	0
39	40	3	0	0	0
40	41	1	0	0	0
41	42	0	?	?	0
42	43	2	0	0	0
43	44	0	?	?	0
44	45	0	?	?	0
45	46	0	?	?	0
46	47	0	?	?	0
47	48	1	0	0	0
48	49	1	0	0	0
49	50	0	?	?	0
50	50	1	0	0	0
51	50	0	?	?	0
52	50	1	0	0	0
53	50	0	?	?	0
54	50	0	?	?	0
55	50	0	?	?	0
56	50	0	?	?	0
57	50	0	?	?	0
58	50	0	?	?	0
59	50	0	?	?	0
60	50	1	0	0	0
61	50	0	?	?	0
62	50	0	?	?	0
63	50	0	?	?	0
64	50	9	16	54	279
65	50	4	11	29	82
66	50	3	10	20	42
67	50	0	?	?	0
68	50	0	?	?	0
69	50	0	?	?	0
70	50	0	?	?	0
71	50	1	0	0	0
72	50	2	0	0	0
73	50	2	0	0	0
74	50	1	0	0	0
75	50	0	?	?	0
76	50	0	?	?	0
77	50	0	?	?	0
78	50	0	?	?	0
79	50	0	?	?	0
80	50	0	?	?	0
81	50	0	?	?	0
82	50	0	?	?	0
83	50	0	?	?	0
84	50	0	?	?	0
85	50	0	?	?	0
86	50	0	?	?	0
87	50	0	?	?	0
88	50	0	?	?	0
89	50	0	?	?	0
90	50	0	?	?	0
91	50	0	?	?	0
92	50	0	?	?	0
93	50	0	?	?	0
94	50	0	?	?	0
95	50	0	?	?	0
96	50	11	16	87	737
97	50	8	26	79	467
98	50	3	49	67	177
99	50	2	44	58	102
100	50	0	?	?	0
101	50	0	?	?	0
102	50	0	?	?	0
103	50	0	?	?	0
104	50	4	0	0	0
105	50	3	0	0	0
106	50	0	?	?	0
107	50	1	0	0	0
108	50	0	?	?	0
109	50	0	?	?	0
110	50	0	?	?	0
111	50	2	0	0	0
112	50	1	0	0	0
113	50	0	?	?	0
114	50	0	?	?	0
115	50	0	?	?	0
116	50	0	?	?	0
117	50	0	?	?	0
118	50	0	?	?	0
119	50	0	?	?	0
120	50	0	?	?	0
121	50	0	?	?	0
122	50	0	?	?	0
123	50	0	?	?	0
124	50	0	?	?	0
125	50	0	?	?	0
126	50	0	?	?	0
127	50	0	?	?	0
128	50	12	22	96	761
129	50	8	11	85	381
130	50	4	11	27	83
131	50	0	?	?	0
132	50	0	?	?	0
133	50	0	?	?	0
134	50	0	?	?	0
135	50	3	0	0	0
136	50	1	0	0	0
137	50	1	0	0	0
138	50	1	0	0	0
139	50	0	?	?	0
140	50	0	?	?	0
141	50	0	?	?	0
142	50	0	?	?	0
143	50	0	?	?	0
144	50	0	?	?	0
145	50	0	?	?	0
146	50	0	?	?	0
147	50	0	?	?	0
148	50	0	?	?	0
149	50	0	?	?	0
150	50	0	?	?	0
151	50	0	?	?	0
152	50	0	?	?	0
153	50	0	?	?	0
154	50	0	?	?	0
155	50	0	?	?	0
156	50	0	?	?	0
157	50	0	?	?	0
158	50	0	?	?	0
159	50	0	?	?	0
160	50	13	16	89	848
161	50	8	16	88	368
162	50	2	83	88	171
163	50	2	17	27	44
164	50	0	?	?	0
165	50	0	?	?	0
166	50	0	?	?	0
167	50	3	0	0	0
168	50	6	0	0	0
169	50	1	0	0	0
170	50	0	?	?	0
171	50	0	?	?	0
172	50	0	?	?	0
173	50	0	?	?	0
174	50	0	?	?	0
175	50	1	0	0	0
176	50	0	?	?	0
177	50	0	?	?	0
178	50	0	?	?	0
179	50	0	?	?	0
180	50	0	?	?	0
181	50	0	?	?	0
182	50	0	?	?	0
183	50	0	?	?	0
184	50	0	?	?	0
185	50	0	?	?	0
186	50	0	?	?	0
187	50	0	?	?	0
188	50	0	?	?	0
189	50	0	?	?	0
190	50	0	?	?	0
191	50	0	?	?	0
192	50	13	17	89	773
193	50	6	22	88	326
194	50	3	25	82	133
195	50	0	?	?	0
196	50	0	?	?	0
197	50	0	?	?	0
198	50	0	?	?	0
199	50	0	?	?	0
200	50	3	0	0	0
201	50	2	0	0	0
202	50	1	0	0	0
203	50	0	?	?	0
204	50	0	?	?	0
205	50	0	?	?	0
206	50	0	?	?	0
207	50	0	?	?	0
208	50	0	?	?	0
209	50	0	?	?	0
210	50	0	?	?	0
211	50	0	?	?	0
212	50	0	?	?	0
213	50	0	?	?	0
214	50	0	?	?	0
215	50	0	?	?	0
216	50	0	?	?	0
217	50	0	?	?	0
218	50	0	?	?	0
219	50	0	?	?	0
220	50	0	?	?	0
221	50	0	?	?	0
222	50	0	?	?	0
223	50	0	?	?	0
224	50	12	24	89	862
225	50	4	24	89	227
226	50	3	18	89	190
227	50	0	?	?	0
228	50	0	?	?	0
229	50	0	?	?	0
230	50	0	?	?	0
231	50	2	0	0	0
232	50	2	0	0	0
233	50	1	0	0	0
234	50	0	?	?	0
235	50	0	?	?	0
236	50	0	?	?	0
237	50	0	?	?	0
238	50	0	?	?	0
239	50	1	0	0	0
240	50	0	?	?	0
241	50	0	?	?	0
242	50	0	?	?	0
243	50	0	?	?	0
244	50	0	?	?	0
245	50	0	?	?	0
246	50	0	?	?	0
247	50	0	?	?	0
248	50	0	?	?	0
249	50	0	?	?	0
250	50	0	?	?	0
251	50	0	?	?	0
252	50	0	?	?	0
253	50	0	?	?	0
254	50	0	?	?	0
255	50	0	?	?	0
256	50	13	23	89	918
257	50	7	11	88	390
258	50	2	25	82	107
259	50	0	?	?	0
260	50	0	?	?	0
261	50	0	?	?	0
262	50	0	?	?	0
263	50	2	0	0	0
264	50	1	0	0	0
265	50	1	0	0	0
266	50	0	?	?	0
267	50	0	?	?	0
268	50	0	?	?	0
269	50	0	?	?	0
270	50	0	?	?	0
271	50	1	0	0	0
272	50	0	?	?	0
273	50	0	?	?	0
274	50	0	?	?	0
275	50	0	?	?	0
276	50	0	?	?	0
277	50	0	?	?	0
278	50	0	?	?	0
279	50	0	?	?	0
280	50	0	?	?	0
281	50	0	?	?	0
282	50	0	?	?	0
283	50	0	?	?	0
284	50	0	?	?	0
285	50	0	?	?	0
286	50	0	?	?	0
287	50	0	?	?	0
288	50	13	10	89	921
289	50	6	25	89	450
290	50	3	25	80	132
291	50	0	?	?	0
292	50	0	?	?	0
293	50	0	?	?	0
294	50	0	?	?	0
295	50	1	0	0	0
296	50	3	0	0	0
297	50	0	?	?	0
298	50	1	0	0	0
299	50	0	?	?	0
300	50	0	?	?	0
301	50	0	?	?	0
302	50	0	?	?	0
303	50	0	?	?	0
304	50	1	0	0	0
305	50	0	?	?	0
306	50	0	?	?	0
307	50	0	?	?	0
308	50	0	?	?	0
309	50	0	?	?	0
310	50	0	?	?	0
311	50	0	?	?	0
312	50	0	?	?	0
313	50	0	?	?	0
314	50	0	?	?	0
315	50	0	?	?	0
316	50	0	?	?	0
317	50	0	?	?	0
318	50	0	?	?	0
319	50	0	?	?	0
320	50	11	24	89	832
321	50	7	17	88	335
322	50	1	27	27	27
323	50	0	?	?	0
324	50	0	?	?	0
325	50	0	?	?	0
326	50	0	?	?	0
327	50	0	?	?	0
328	50	3	0	0	0
329	50	1	0	0	0
330	50	0	?	?	0
331	50	0	?	?	0
332	50	0	?	?	0
333	50	0	?	?	0
334	50	0	?	?	0
335	50	0	?	?	0
336	50	1	0	0	0
337	50	0	?	?	0
338	50	0	?	?	0
339	50	0	?	?	0
340	50	0	?	?	0
341	50	0	?	?	0
342	50	0	?	?	0
343	50	0	?	?	0
344	50	0	?	?	0
345	50	0	?	?	0
346	50	0	?	?	0
347	50	0	?	?	0
348	50	0	?	?	0
349	50	0	?	?	0
350	50	0	?	?	0
351	50	0	?	?	0
352	50	12	25	89	994
353	50	5	25	88	310
354	50	2	81	83	164
355	50	0	?	?	0
356	50	0	?	?	0
357	50	0	?	?	0
358	50	0	?	?	0
359	50	2	0	0	0
360	50	2	0	0	0
361	50	0	?	?	0
362	50	0	?	?	0
363	50	0	?	?	0
364	50	0	?	?	0
365	50	0	?	?	0
366	50	0	?	?	0
367	50	2	0	0	0
368	50	0	?	?	0
369	50	0	?	?	0
370	50	0	?	?	0
371	50	0	?	?	0
372	50	0	?	?	0
373	50	0	?	?	0
374	50	1	0	0	0
375	50	0	?	?	0
376	50	0	?	?	0
377	50	0	?	?	0
378	50	0	?	?	0
379	50	0	?	?	0
380	50	0	?	?	0
381	50	0	?	?	0
382	50	0	?	?	0
383	50	0	?	?	0
384	50	9	24	89	724
385	50	5	26	89	380
386	50	2	83	89	172
387	50	1	76	76	76
388	50	0	?	?	0
389	50	0	?	?	0
390	50	0	?	?	0
391	50	4	0	0	0
392	50	2	0	0	0
393	50	1	0	0	0
394	50	0	?	?	0
395	50	0	?	?	0
396	50	0	?	?	0
397	50	0	?	?	0
398	50	0	?	?	0
399	50	1	0	0	0
400	50	0	?	?	0
401	50	0	?	?	0
402	50	0	?	?	0
403	50	0	?	?	0
404	50	0	?	?	0
405	50	0	?	?	0
406	50	0	?	?	0
407	50	0	?	?	0
408	50	0	?	?	0
409	50	0	?	?	0
410	50	0	?	?	0
411	50	0	?	?	0
412	50	0	?	?	0
413	50	0	?	?	0
414	50	0	?	?	0
415	50	0	?	?	0
416	50	13	17	89	1001
417	50	3	81	89	258
418	50	2	74	83	157
419	50	0	?	?	0
420	50	0	?	?	0
421	50	0	?	?	0
422	50	0	?	?	0
423	50	1	0	0	0
424	50	2	0	0	0
425	50	2	0	0	0
426	50	1	0	0	0
427	50	0	?	?	0
428	50	0	?	?	0
429	50	0	?	?	0
430	50	0	?	?	0
431	50	1	0	0	0
432	50	0	?	?	0
433	50	1	0	0	0
434	50	0	?	?	0
435	50	0	?	?	0
436	50	0	?	?	0
437	50	0	?	?	0
438	50	0	?	?	0
439	50	0	?	?	0
440	50	0	?	?	0
441	50	0	?	?	0
442	50	0	?	?	0
443	50	0	?	?	0
444	50	0	?	?	0
445	50	0	?	?	0
446	50	0	?	?	0
447	50	0	?	?	0
448	50	12	24	89	908
449	50	8	26	89	567
450	50	1	76	76	76
451	50	0	?	?	0
452	50	0	?	?	0
453	50	0	?	?	0
454	50	0	?	?	0
455	50	0	?	?	0
456	50	4	0	0	0
457	50	3	0	0	0
458	50	0	?	?	0
459	50	0	?	?	0
460	50	0	?	?	0
461	50	0	?	?	0
462	50	0	?	?	0
463	50	1	0	0	0
464	50	0	?	?	0
465	50	0	?	?	0
466	50	0	?	?	0
467	50	0	?	?	0
468	50	0	?	?	0
469	50	0	?	?	0
470	50	0	?	?	0
471	50	1	0	0	0
472	50	0	?	?	0
473	50	0	?	?	0
474	50	0	?	?	0
475	50	0	?	?	0
476	50	0	?	?	0
477	50	0	?	?	0
478	50	0	?	?	0
479	50	0	?	?	0
480	50	10	17	89	671
481	50	4	83	88	342
482	50	3	82	88	253
483	50	3	19	84	129
484	50	0	?	?	0
485	50	0	?	?	0
486	50	0	?	?	0
487	50	3	0	0	0
488	50	2	0	0	0
489	50	0	?	?	0
490	50	1	0	0	0
491	50	0	?	?	0
492	50	0	?	?	0
493	50	0	?	?	0
494	50	0	?	?	0
495	50	2	0	0	0
496	50	0	?	?	0
497	50	0	?	?	0
498	50	1	0	0	0
499	50	0	?	?	0
