step numCars dequeuedCars minQueueTime maxQueueTime sumQueueTime
0	1	0	?	?	0
1	2	0	?	?	0
2	3	0	?	?	0
3	4	0	?	?	0
4	5	0	?	?	0
5	6	0	?	?	0
6	7	0	?	?	0
7	8	1	0	0	0
8	9	0	?	?	0
9	10	0	?	?	0
10	11	0	?	?	0
11	12	1	0	0	0
12	13	0	?	?	0
13	14	0	?	?	0
14	15	0	?	?	0
15	16	0	?	?	0
16	17	0	?	?	0
17	18	1	0	0	0
18	19	0	?	?	0
19	20	0	?	?	0
20	21	0	?	?	0
21	22	1	0	0	0
22	23	0	?	?	0
23	24	0	?	?	0
24	25	1	0	0	0
25	26	0	?	?	0
26	27	0	?	?	0
27	28	0	?	?	0
28	29	1	0	0	0
29	30	0	?	?	0
30	31	0	?	?	0
31	32	0	?	?	0
32	33	7	1	24	92
33	34	1	19	19	19
34	35	1	19	19	19
35	36	0	?	?	0
36	37	0	?	?	0
37	38	0	?	?	0
38	39	0	?	?	0
39	40	3	0	0	0
40	41	1	0	0	0
41	42	0	?	?	0
42	43	2	0	0	0
43	44	0	?	?	0
44	45	0	?	?	0
45	46	0	?	?	0
46	47	0	?	?	0
47	48	1	0	0	0
48	49	1	0	0	0
49	50	0	?	?	0
50	51	1	0	0	0
51	52	0	?	?	0
52	53	1	0	0	0
53	54	0	?	?	0
54	55	0	?	?	0
55	56	0	?	?	0
56	57	0	?	?	0
57	58	0	?	?	0
58	59	0	?	?	0
59	60	0	?	?	0
60	61	1	0	0	0
61	62	1	0	0	0
62	63	1	0	0	0
63	64	0	?	?	0
64	65	9	16	54	279
65	66	4	11	29	82
66	67	3	10	20	42
67	68	1	10	10	10
68	69	1	0	0	0
69	70	0	?	?	0
70	71	1	0	0	0
71	72	1	0	0	0
72	73	2	0	0	0
73	74	1	0	0	0
74	75	0	?	?	0
75	76	0	?	?	0
76	77	1	0	0	0
77	78	1	0	0	0
78	79	2	0	0	0
79	80	1	0	0	0
80	81	0	?	?	0
81	82	0	?	?	0
82	83	0	?	?	0
83	84	0	?	?	0
84	85	1	0	0	0
85	86	0	?	?	0
86	87	0	?	?	0
87	88	0	?	?	0
88	89	0	?	?	0
89	90	0	?	?	0
90	91	0	?	?	0
91	92	0	?	?	0
92	93	0	?	?	0
93	94	0	?	?	0
94	95	0	?	?	0
95	96	0	?	?	0
96	97	15	9	87	813
97	98	9	17	79	484
98	99	7	4	67	255
99	100	5	11	58	168
100	100	4	9	42	94
101	100	3	0	12	14
102	100	0	?	?	0
103	100	4	0	0	0
104	100	2	0	0	0
105	100	1	0	0	0
106	100	2	0	0	0
107	100	1	0	0	0
108	100	1	0	0	0
109	100	0	?	?	0
110	100	0	?	?	0
111	100	0	?	?	0
112	100	1	0	0	0
113	100	0	?	?	0
114	100	1	0	0	0
115	100	0	?	?	0
116	100	0	?	?	0
117	100	0	?	?	0
118	100	0	?	?	0
119	100	0	?	?	0
120	100	0	?	?	0
121	100	0	?	?	0
122	100	0	?	?	0
123	100	0	?	?	0
124	100	0	?	?	0
125	100	0	?	?	0
126	100	0	?	?	0
127	100	0	?	?	0
128	100	17	14	96	1017
129	100	12	22	85	565
130	100	11	20	70	362
131	100	6	12	55	167
132	100	3	22	45	95
133	100	0	?	?	0
134	100	0	?	?	0
135	100	3	0	0	0
136	100	7	0	0	0
137	100	3	0	0	0
138	100	2	0	0	0
139	100	0	?	?	0
140	100	0	?	?	0
141	100	0	?	?	0
142	100	1	0	0	0
143	100	1	0	0	0
144	100	2	0	0	0
145	100	1	0	0	0
146	100	1	0	0	0
147	100	0	?	?	0
148	100	0	?	?	0
149	100	0	?	?	0
150	100	1	0	0	0
151	100	0	?	?	0
152	100	0	?	?	0
153	100	0	?	?	0
154	100	0	?	?	0
155	100	0	?	?	0
156	100	0	?	?	0
157	100	0	?	?	0
158	100	0	?	?	0
159	100	0	?	?	0
160	100	16	24	95	1274
161	100	13	15	89	629
162	100	6	11	88	317
163	100	4	19	65	132
164	100	0	?	?	0
165	100	0	?	?	0
166	100	0	?	?	0
167	100	3	0	0	0
168	100	4	0	0	0
169	100	5	0	0	0
170	100	2	0	0	0
171	100	0	?	?	0
172	100	0	?	?	0
173	100	0	?	?	0
174	100	0	?	?	0
175	100	1	0	0	0
176	100	1	0	0	0
177	100	1	0	0	0
178	100	0	?	?	0
179	100	0	?	?	0
180	100	0	?	?	0
181	100	0	?	?	0
182	100	0	?	?	0
183	100	0	?	?	0
184	100	0	?	?	0
185	100	0	?	?	0
186	100	0	?	?	0
187	100	0	?	?	0
188	100	0	?	?	0
189	100	0	?	?	0
190	100	0	?	?	0
191	100	0	?	?	0
192	100	16	22	95	1204
193	100	13	8	89	709
194	100	8	16	89	421
195	100	4	19	86	156
196	100	1	80	80	80
197	100	1	29	29	29
198	100	1	15	15	15
199	100	2	0	0	0
200	100	2	0	0	0
201	100	5	0	0	0
202	100	1	0	0	0
203	100	0	?	?	0
204	100	0	?	?	0
205	100	0	?	?	0
206	100	0	?	?	0
207	100	1	0	0	0
208	100	1	0	0	0
209	100	1	0	0	0
210	100	0	?	?	0
211	100	0	?	?	0
212	100	0	?	?	0
213	100	0	?	?	0
214	100	0	?	?	0
215	100	0	?	?	0
216	100	0	?	?	0
217	100	1	0	0	0
218	100	0	?	?	0
219	100	0	?	?	0
220	100	0	?	?	0
221	100	0	?	?	0
222	100	0	?	?	0
223	100	0	?	?	0
224	100	17	8	89	1339
225	100	15	25	88	1136
226	100	10	25	88	528
227	100	4	25	87	224
228	100	1	29	29	29
229	100	1	21	21	21
230	100	0	?	?	0
231	100	3	0	0	0
232	100	2	0	0	0
233	100	4	0	0	0
234	100	2	0	0	0
235	100	0	?	?	0
236	100	0	?	?	0
237	100	0	?	?	0
238	100	0	?	?	0
239	100	0	?	?	0
240	100	0	?	?	0
241	100	2	0	0	0
242	100	0	?	?	0
243	100	0	?	?	0
244	100	0	?	?	0
245	100	0	?	?	0
246	100	0	?	?	0
247	100	0	?	?	0
248	100	0	?	?	0
249	100	1	0	0	0
250	100	0	?	?	0
251	100	0	?	?	0
252	100	0	?	?	0
253	100	0	?	?	0
254	100	0	?	?	0
255	100	0	?	?	0
256	100	16	15	89	1185
257	100	11	17	89	675
258	100	7	24	83	238
259	100	3	19	27	72
260	100	1	26	26	26
261	100	0	?	?	0
262	100	0	?	?	0
263	100	4	0	0	0
264	100	2	0	0	0
265	100	3	0	0	0
266	100	2	0	0	0
267	100	1	0	0	0
268	100	0	?	?	0
269	100	0	?	?	0
270	100	0	?	?	0
271	100	2	0	0	0
272	100	2	0	0	0
273	100	1	0	0	0
274	100	0	?	?	0
275	100	0	?	?	0
276	100	0	?	?	0
277	100	0	?	?	0
278	100	0	?	?	0
279	100	0	?	?	0
280	100	1	0	0	0
281	100	0	?	?	0
282	100	0	?	?	0
283	100	0	?	?	0
284	100	0	?	?	0
285	100	0	?	?	0
286	100	0	?	?	0
287	100	0	?	?	0
288	100	18	9	89	1407
289	100	13	24	89	852
290	100	6	20	88	326
291	100	4	17	86	204
292	100	3	13	86	127
293	100	1	28	28	28
294	100	1	6	6	6
295	100	3	0	0	0
296	100	7	0	0	0
297	100	3	0	0	0
298	100	2	0	0	0
299	100	0	?	?	0
300	100	1	0	0	0
301	100	0	?	?	0
302	100	0	?	?	0
303	100	0	?	?	0
304	100	0	?	?	0
305	100	1	0	0	0
306	100	0	?	?	0
307	100	0	?	?	0
308	100	1	0	0	0
309	100	0	?	?	0
310	100	0	?	?	0
311	100	0	?	?	0
312	100	0	?	?	0
313	100	1	0	0	0
314	100	0	?	?	0
315	100	0	?	?	0
316	100	1	0	0	0
317	100	0	?	?	0
318	100	0	?	?	0
319	100	0	?	?	0
320	100	17	15	89	1226
321	100	12	16	89	914
322	100	7	19	86	402
323	100	4	21	83	260
324	100	1	28	28	28
325	100	1	28	28	28
326	100	1	27	27	27
327	100	2	0	27	27
328	100	5	0	0	0
329	100	3	0	0	0
330	100	3	0	0	0
331	100	0	?	?	0
332	100	0	?	?	0
333	100	0	?	?	0
334	100	0	?	?	0
335	100	0	?	?	0
336	100	1	0	0	0
337	100	0	?	?	0
338	100	2	0	0	0
339	100	0	?	?	0
340	100	0	?	?	0
341	100	0	?	?	0
342	100	0	?	?	0
343	100	0	?	?	0
344	100	0	?	?	0
345	100	0	?	?	0
346	100	0	?	?	0
347	100	0	?	?	0
348	100	0	?	?	0
349	100	0	?	?	0
350	100	0	?	?	0
351	100	0	?	?	0
352	100	16	24	96	1253
353	100	10	18	89	678
354	100	5	10	89	287
355	100	4	10	28	92
356	100	1	26	26	26
357	100	1	21	21	21
358	100	1	21	21	21
359	100	4	0	0	0
360	100	4	0	0	0
361	100	1	0	0	0
362	100	0	?	?	0
363	100	2	0	0	0
364	100	1	0	0	0
365	100	0	?	?	0
366	100	1	0	0	0
367	100	1	0	0	0
368	100	0	?	?	0
369	100	0	?	?	0
370	100	0	?	?	0
371	100	0	?	?	0
372	100	0	?	?	0
373	100	0	?	?	0
374	100	0	?	?	0
375	100	0	?	?	0
376	100	0	?	?	0
377	100	0	?	?	0
378	100	0	?	?	0
379	100	0	?	?	0
380	100	0	?	?	0
381	100	0	?	?	0
382	100	0	?	?	0
383	100	0	?	?	0
384	100	16	22	89	1325
385	100	15	10	89	872
386	100	8	19	89	431
387	100	4	20	89	219
388	100	2	21	89	110
389	100	1	16	16	16
390	100	0	?	?	0
391	100	1	0	0	0
392	100	4	0	0	0
393	100	4	0	0	0
394	100	1	0	0	0
395	100	1	0	0	0
396	100	0	?	?	0
397	100	0	?	?	0
398	100	0	?	?	0
399	100	1	0	0	0
400	100	1	0	0	0
401	100	1	0	0	0
402	100	0	?	?	0
403	100	0	?	?	0
404	100	0	?	?	0
405	100	0	?	?	0
406	100	0	?	?	0
407	100	0	?	?	0
408	100	0	?	?	0
409	100	0	?	?	0
410	100	0	?	?	0
411	100	0	?	?	0
412	100	0	?	?	0
413	100	0	?	?	0
414	100	0	?	?	0
415	100	0	?	?	0
416	100	18	16	95	1369
417	100	14	21	89	827
418	100	8	21	88	436
419	100	5	19	87	231
420	100	2	29	87	116
421	100	1	87	87	87
422	100	1	30	30	30
423	100	2	0	29	29
424	100	4	0	0	0
425	100	3	0	0	0
426	100	1	0	0	0
427	100	0	?	?	0
428	100	1	0	0	0
429	100	0	?	?	0
430	100	0	?	?	0
431	100	0	?	?	0
432	100	1	0	0	0
433	100	0	?	?	0
434	100	0	?	?	0
435	100	0	?	?	0
436	100	0	?	?	0
437	100	0	?	?	0
438	100	0	?	?	0
439	100	0	?	?	0
440	100	0	?	?	0
441	100	0	?	?	0
442	100	0	?	?	0
443	100	0	?	?	0
444	100	0	?	?	0
445	100	0	?	?	0
446	100	0	?	?	0
447	100	0	?	?	0
448	100	17	17	89	1105
449	100	12	13	89	644
450	100	7	17	87	397
451	100	5	19	83	227
452	100	2	13	18	31
453	100	0	?	?	0
454	100	0	?	?	0
455	100	2	0	0	0
456	100	4	0	0	0
457	100	4	0	0	0
458	100	2	0	0	0
459	100	1	0	0	0
460	100	0	?	?	0
461	100	0	?	?	0
462	100	0	?	?	0
463	100	1	0	0	0
464	100	0	?	?	0
465	100	0	?	?	0
466	100	2	0	0	0
467	100	0	?	?	0
468	100	0	?	?	0
469	100	0	?	?	0
470	100	0	?	?	0
471	100	0	?	?	0
472	100	0	?	?	0
473	100	0	?	?	0
474	100	1	0	0	0
475	100	0	?	?	0
476	100	0	?	?	0
477	100	0	?	?	0
478	100	0	?	?	0
479	100	0	?	?	0
480	100	15	25	89	1243
481	100	13	25	88	909
482	100	7	19	83	323
483	100	3	17	26	61
484	100	0	?	?	0
485	100	0	?	?	0
486	100	0	?	?	0
487	100	4	0	0	0
488	100	3	0	0	0
489	100	1	0	0	0
490	100	0	?	?	0
491	100	0	?	?	0
492	100	0	?	?	0
493	100	0	?	?	0
494	100	1	0	0	0
495	100	1	0	0	0
496	100	1	0	0	0
497	100	0	?	?	0
498	100	0	?	?	0
499	100	0	?	?	0
