step numCars dequeuedCars minQueueTime maxQueueTime sumQueueTime
0	1	0	?	?	0
1	2	0	?	?	0
2	3	0	?	?	0
3	4	0	?	?	0
4	5	0	?	?	0
5	6	0	?	?	0
6	7	0	?	?	0
7	8	1	0	0	0
8	9	0	?	?	0
9	10	0	?	?	0
10	11	0	?	?	0
11	12	0	?	?	0
12	13	0	?	?	0
13	14	0	?	?	0
14	15	0	?	?	0
15	16	0	?	?	0
16	17	0	?	?	0
17	18	1	0	0	0
18	19	0	?	?	0
19	20	0	?	?	0
20	21	0	?	?	0
21	22	0	?	?	0
22	23	1	0	0	0
23	24	1	0	0	0
24	25	0	?	?	0
25	26	0	?	?	0
26	27	1	0	0	0
27	28	0	?	?	0
28	29	0	?	?	0
29	30	0	?	?	0
30	31	0	?	?	0
31	32	1	0	0	0
32	33	6	3	22	71
33	34	1	0	0	0
34	35	0	?	?	0
35	36	1	0	0	0
36	37	0	?	?	0
37	38	0	?	?	0
38	39	0	?	?	0
39	40	0	?	?	0
40	41	0	?	?	0
41	42	1	0	0	0
42	43	0	?	?	0
43	44	0	?	?	0
44	45	0	?	?	0
45	46	0	?	?	0
46	47	1	0	0	0
47	48	0	?	?	0
48	49	0	?	?	0
49	50	0	?	?	0
50	50	0	?	?	0
51	50	0	?	?	0
52	50	1	0	0	0
53	50	0	?	?	0
54	50	1	0	0	0
55	50	0	?	?	0
56	50	1	0	0	0
57	50	0	?	?	0
58	50	0	?	?	0
59	50	0	?	?	0
60	50	0	?	?	0
61	50	0	?	?	0
62	50	0	?	?	0
63	50	0	?	?	0
64	50	13	11	55	462
65	50	9	4	51	243
66	50	5	11	51	140
67	50	4	18	39	96
68	50	0	?	?	0
69	50	0	?	?	0
70	50	0	?	?	0
71	50	2	0	0	0
72	50	3	0	0	0
73	50	2	0	0	0
74	50	2	0	0	0
75	50	0	?	?	0
76	50	0	?	?	0
77	50	0	?	?	0
78	50	0	?	?	0
79	50	1	0	0	0
80	50	0	?	?	0
81	50	1	0	0	0
82	50	1	0	0	0
83	50	0	?	?	0
84	50	0	?	?	0
85	50	0	?	?	0
86	50	1	0	0	0
87	50	0	?	?	0
88	50	0	?	?	0
89	50	0	?	?	0
90	50	0	?	?	0
91	50	0	?	?	0
92	50	0	?	?	0
93	50	0	?	?	0
94	50	0	?	?	0
95	50	0	?	?	0
96	50	11	17	88	620
97	50	6	24	79	314
98	50	4	23	26	101
99	50	2	26	26	52
100	50	1	19	19	19
101	50	0	?	?	0
102	50	0	?	?	0
103	50	0	?	?	0
104	50	0	?	?	0
105	50	0	?	?	0
106	50	0	?	?	0
107	50	0	?	?	0
108	50	0	?	?	0
109	50	0	?	?	0
110	50	0	?	?	0
111	50	0	?	?	0
112	50	0	?	?	0
113	50	0	?	?	0
114	50	0	?	?	0
115	50	0	?	?	0
116	50	0	?	?	0
117	50	0	?	?	0
118	50	0	?	?	0
119	50	0	?	?	0
120	50	0	?	?	0
121	50	0	?	?	0
122	50	0	?	?	0
123	50	0	?	?	0
124	50	0	?	?	0
125	50	0	?	?	0
126	50	0	?	?	0
127	50	0	?	?	0
128	50	13	23	95	696
129	50	8	24	87	389
130	50	5	24	52	179
131	50	2	24	28	52
132	50	1	27	27	27
133	50	0	?	?	0
134	50	0	?	?	0
135	50	2	0	0	0
136	50	2	0	0	0
137	50	2	0	0	0
138	50	3	0	0	0
139	50	0	?	?	0
140	50	0	?	?	0
141	50	0	?	?	0
142	50	0	?	?	0
143	50	1	0	0	0
144	50	0	?	?	0
145	50	0	?	?	0
146	50	0	?	?	0
147	50	0	?	?	0
148	50	0	?	?	0
149	50	0	?	?	0
150	50	0	?	?	0
151	50	0	?	?	0
152	50	0	?	?	0
153	50	0	?	?	0
154	50	0	?	?	0
155	50	0	?	?	0
156	50	0	?	?	0
157	50	0	?	?	0
158	50	0	?	?	0
159	50	0	?	?	0
160	50	13	25	89	854
161	50	10	19	81	476
162	50	6	11	72	239
163	50	1	59	59	59
164	50	0	?	?	0
165	50	0	?	?	0
166	50	0	?	?	0
167	50	0	?	?	0
168	50	0	?	?	0
169	50	0	?	?	0
170	50	0	?	?	0
171	50	0	?	?	0
172	50	0	?	?	0
173	50	0	?	?	0
174	50	0	?	?	0
175	50	0	?	?	0
176	50	0	?	?	0
177	50	0	?	?	0
178	50	0	?	?	0
179	50	0	?	?	0
180	50	0	?	?	0
181	50	0	?	?	0
182	50	0	?	?	0
183	50	0	?	?	0
184	50	0	?	?	0
185	50	0	?	?	0
186	50	0	?	?	0
187	50	0	?	?	0
188	50	0	?	?	0
189	50	0	?	?	0
190	50	0	?	?	0
191	50	0	?	?	0
192	50	10	22	57	413
193	50	5	24	55	182
194	50	3	24	27	77
195	50	2	26	27	53
196	50	1	26	26	26
197	50	0	?	?	0
198	50	0	?	?	0
199	50	0	?	?	0
200	50	1	0	0	0
201	50	3	0	0	0
202	50	1	0	0	0
203	50	0	?	?	0
204	50	0	?	?	0
205	50	0	?	?	0
206	50	0	?	?	0
207	50	0	?	?	0
208	50	0	?	?	0
209	50	1	0	0	0
210	50	0	?	?	0
211	50	0	?	?	0
212	50	0	?	?	0
213	50	0	?	?	0
214	50	0	?	?	0
215	50	0	?	?	0
216	50	0	?	?	0
217	50	0	?	?	0
218	50	0	?	?	0
219	50	0	?	?	0
220	50	0	?	?	0
221	50	0	?	?	0
222	50	0	?	?	0
223	50	0	?	?	0
224	50	13	55	89	935
225	50	9	55	89	627
226	50	5	55	84	312
227	50	3	28	57	142
228	50	1	19	19	19
229	50	0	?	?	0
230	50	0	?	?	0
231	50	0	?	?	0
232	50	0	?	?	0
233	50	0	?	?	0
234	50	0	?	?	0
235	50	0	?	?	0
236	50	0	?	?	0
237	50	0	?	?	0
238	50	0	?	?	0
239	50	0	?	?	0
240	50	0	?	?	0
241	50	0	?	?	0
242	50	0	?	?	0
243	50	0	?	?	0
244	50	0	?	?	0
245	50	0	?	?	0
246	50	0	?	?	0
247	50	0	?	?	0
248	50	0	?	?	0
249	50	0	?	?	0
250	50	0	?	?	0
251	50	0	?	?	0
252	50	0	?	?	0
253	50	0	?	?	0
254	50	0	?	?	0
255	50	0	?	?	0
256	50	12	23	57	522
257	50	9	22	57	272
258	50	1	26	26	26
259	50	1	26	26	26
260	50	1	25	25	25
261	50	0	?	?	0
262	50	0	?	?	0
263	50	0	?	?	0
264	50	2	0	0	0
265	50	1	0	0	0
266	50	0	?	?	0
267	50	0	?	?	0
268	50	0	?	?	0
269	50	0	?	?	0
270	50	0	?	?	0
271	50	0	?	?	0
272	50	0	?	?	0
273	50	0	?	?	0
274	50	0	?	?	0
275	50	0	?	?	0
276	50	0	?	?	0
277	50	0	?	?	0
278	50	0	?	?	0
279	50	0	?	?	0
280	50	0	?	?	0
281	50	0	?	?	0
282	50	0	?	?	0
283	50	0	?	?	0
284	50	0	?	?	0
285	50	0	?	?	0
286	50	0	?	?	0
287	50	0	?	?	0
288	50	15	23	89	956
289	50	12	25	87	635
290	50	6	19	58	269
291	50	2	24	58	82
292	50	0	?	?	0
293	50	0	?	?	0
294	50	0	?	?	0
295	50	0	?	?	0
296	50	0	?	?	0
297	50	0	?	?	0
298	50	0	?	?	0
299	50	0	?	?	0
300	50	0	?	?	0
301	50	0	?	?	0
302	50	0	?	?	0
303	50	0	?	?	0
304	50	0	?	?	0
305	50	0	?	?	0
306	50	0	?	?	0
307	50	0	?	?	0
308	50	0	?	?	0
309	50	0	?	?	0
310	50	0	?	?	0
311	50	0	?	?	0
312	50	0	?	?	0
313	50	0	?	?	0
314	50	0	?	?	0
315	50	0	?	?	0
316	50	0	?	?	0
317	50	0	?	?	0
318	50	0	?	?	0
319	50	0	?	?	0
320	50	13	23	57	465
321	50	8	23	57	227
322	50	2	24	25	49
323	50	0	?	?	0
324	50	0	?	?	0
325	50	0	?	?	0
326	50	0	?	?	0
327	50	3	0	0	0
328	50	3	0	0	0
329	50	2	0	0	0
330	50	1	0	0	0
331	50	0	?	?	0
332	50	0	?	?	0
333	50	0	?	?	0
334	50	0	?	?	0
335	50	2	0	0	0
336	50	1	0	0	0
337	50	0	?	?	0
338	50	0	?	?	0
339	50	0	?	?	0
340	50	0	?	?	0
341	50	0	?	?	0
342	50	0	?	?	0
343	50	0	?	?	0
344	50	1	0	0	0
345	50	0	?	?	0
346	50	0	?	?	0
347	50	0	?	?	0
348	50	0	?	?	0
349	50	0	?	?	0
350	50	0	?	?	0
351	50	0	?	?	0
352	50	15	23	89	1038
353	50	11	17	88	606
354	50	5	27	59	256
355	50	1	27	27	27
356	50	0	?	?	0
357	50	0	?	?	0
358	50	0	?	?	0
359	50	0	?	?	0
360	50	0	?	?	0
361	50	0	?	?	0
362	50	0	?	?	0
363	50	0	?	?	0
364	50	0	?	?	0
365	50	0	?	?	0
366	50	0	?	?	0
367	50	0	?	?	0
368	50	0	?	?	0
369	50	0	?	?	0
370	50	0	?	?	0
371	50	0	?	?	0
372	50	0	?	?	0
373	50	0	?	?	0
374	50	0	?	?	0
375	50	0	?	?	0
376	50	0	?	?	0
377	50	0	?	?	0
378	50	0	?	?	0
379	50	0	?	?	0
380	50	0	?	?	0
381	50	0	?	?	0
382	50	0	?	?	0
383	50	0	?	?	0
384	50	15	22	57	549
385	50	6	24	57	179
386	50	2	24	52	76
387	50	1	26	26	26
388	50	0	?	?	0
389	50	0	?	?	0
390	50	0	?	?	0
391	50	1	0	0	0
392	50	3	0	0	0
393	50	1	0	0	0
394	50	1	0	0	0
395	50	0	?	?	0
396	50	0	?	?	0
397	50	0	?	?	0
398	50	0	?	?	0
399	50	0	?	?	0
400	50	0	?	?	0
401	50	0	?	?	0
402	50	0	?	?	0
403	50	0	?	?	0
404	50	0	?	?	0
405	50	0	?	?	0
406	50	0	?	?	0
407	50	0	?	?	0
408	50	0	?	?	0
409	50	0	?	?	0
410	50	0	?	?	0
411	50	0	?	?	0
412	50	0	?	?	0
413	50	0	?	?	0
414	50	0	?	?	0
415	50	0	?	?	0
416	50	15	55	89	1053
417	50	12	15	81	578
418	50	5	19	58	216
419	50	1	28	28	28
420	50	1	28	28	28
421	50	1	22	22	22
422	50	0	?	?	0
423	50	0	?	?	0
424	50	0	?	?	0
425	50	0	?	?	0
426	50	0	?	?	0
427	50	0	?	?	0
428	50	0	?	?	0
429	50	0	?	?	0
430	50	0	?	?	0
431	50	0	?	?	0
432	50	0	?	?	0
433	50	0	?	?	0
434	50	0	?	?	0
435	50	0	?	?	0
436	50	0	?	?	0
437	50	0	?	?	0
438	50	0	?	?	0
439	50	0	?	?	0
440	50	0	?	?	0
441	50	0	?	?	0
442	50	0	?	?	0
443	50	0	?	?	0
444	50	0	?	?	0
445	50	0	?	?	0
446	50	0	?	?	0
447	50	0	?	?	0
448	50	14	22	57	518
449	50	6	24	57	205
450	50	4	23	27	101
451	50	1	26	26	26
452	50	0	?	?	0
453	50	0	?	?	0
454	50	0	?	?	0
455	50	2	0	0	0
456	50	1	0	0	0
457	50	1	0	0	0
458	50	1	0	0	0
459	50	1	0	0	0
460	50	0	?	?	0
461	50	0	?	?	0
462	50	0	?	?	0
463	50	1	0	0	0
464	50	1	0	0	0
465	50	0	?	?	0
466	50	0	?	?	0
467	50	0	?	?	0
468	50	0	?	?	0
469	50	0	?	?	0
470	50	0	?	?	0
471	50	1	0	0	0
472	50	0	?	?	0
473	50	0	?	?	0
474	50	0	?	?	0
475	50	0	?	?	0
476	50	0	?	?	0
477	50	0	?	?	0
478	50	0	?	?	0
479	50	0	?	?	0
480	50	17	24	88	1013
481	50	9	25	86	506
482	50	6	12	57	230
483	50	2	4	55	59
484	50	1	29	29	29
485	50	0	?	?	0
486	50	0	?	?	0
487	50	0	?	?	0
488	50	0	?	?	0
489	50	0	?	?	0
490	50	0	?	?	0
491	50	0	?	?	0
492	50	0	?	?	0
493	50	0	?	?	0
494	50	0	?	?	0
495	50	0	?	?	0
496	50	0	?	?	0
497	50	0	?	?	0
498	50	0	?	?	0
499	50	0	?	?	0
